 0 0
 1.302083333333333e-06 1.871948089401396e-10
 2.604166666666667e-06 1.168725265639894e-09
 3.906250000000001e-06 3.140436032440659e-09
 5.208333333333335e-06 6.365429722065539e-09
 6.510416666666669e-06 1.111697264314716e-08
 7.161458333333337e-06 1.47178421088546e-08
 8.463541666666671e-06 2.178121284170112e-08
 9.114583333333337e-06 2.66224693777519e-08
 9.765625000000004e-06 3.19800880162081e-08
 1.106770833333334e-05 3.95298934668622e-08
 1.236979166666667e-05 4.33260379484571e-08
 1.497395833333334e-05 4.529896686396809e-08
 2.018229166666667e-05 4.592394032112885e-08
 3.059895833333334e-05 4.707133327393446e-08
 5.143229166666667e-05 4.892345925474712e-08
 9.309895833333333e-05 5.795068552765466e-08
 0.0001764322916666666 8.914989207499102e-08
 0.0003430989583333333 2.136277796795781e-07
 0.0005097656249999999 5.054605880810613e-07
 0.0005930989583333334 7.984945821045407e-07
 0.0006764322916666668 1.88452073388001e-06
 0.0008430989583333334 5.626184485685423e-06
 0.001009765625 7.82911650811549e-06
 0.001176432291666667 1.004440627285971e-05
 0.001343098958333334 1.583314815352569e-05
 0.001509765625 2.106908974832136e-05
 0.001676432291666667 2.846115811602955e-05
 0.001843098958333334 3.650038641678441e-05
 0.002009765625000001 4.568530761128725e-05
 0.002093098958333334 5.13156364024854e-05
 0.002259765625000001 6.197291727168319e-05
 0.002426432291666667 7.330555200504302e-05
 0.002509765625000001 7.961807470085071e-05
 0.002676432291666667 9.179133340991829e-05
 0.002843098958333334 0.0001040695647735249
 0.003009765625 0.0001163596647202334
 0.003176432291666667 0.0001283505071365326
 0.003343098958333333 0.0001396685177994873
 0.003509765625 0.0001499463663683533
 0.003676432291666666 0.0001588398128064841
 0.003843098958333333 0.000166003169291861
 0.004009765625 0.0001711125046694812
 0.004176432291666666 0.0001739184810028182
 0.004343098958333333 0.0001741896094316873
 0.004676432291666666 0.0001682004358731071
 0.004843098958333333 0.0001591499201336594
 0.005176432291666666 0.0001353897331864227
 0.005509765624999999 0.0001027359938660575
 0.005843098958333332 6.81123700962829e-05
 0.005853515624999998 6.708707026456705e-05
 0.005863932291666664 6.606959770798581e-05
 0.005874348958333331 6.506073107585096e-05
 0.005884765624999997 6.406060141386324e-05
 0.005889973958333331 6.356368202316149e-05
 0.005895182291666664 6.30689660744687e-05
 0.005897786458333331 6.2822382844759e-05
 0.005902994791666664 6.23309402533352e-05
 0.005905598958333331 6.208601393912811e-05
 0.005910807291666664 6.159783917361539e-05
 0.005916015624999998 6.111184081604134e-05
 0.005921223958333332 6.06280119190579e-05
 0.005926432291666665 6.01463679623875e-05
 0.005929036458333332 5.990631957808594e-05
 0.005934244791666665 5.942789963064514e-05
 0.005936848958333332 5.918947800889187e-05
 0.005942057291666665 5.871427674412179e-05
 0.005947265624999999 5.824121634897395e-05
 0.005952473958333333 5.77703167405699e-05
 0.005955078124999999 5.753565666198004e-05
 0.005957682291666665 5.730152747229923e-05
 0.005962890624999999 5.683485352147099e-05
 0.005968098958333333 5.637032181190907e-05
 0.005973307291666666 5.590793257195226e-05
 0.005975911458333333 5.567754353288085e-05
 0.005981119791666666 5.521832135257494e-05
 0.005986328125 5.476124041036695e-05
 0.005991536458333334 5.430629047762654e-05
 0.005996744791666667 5.385345887859694e-05
 0.006001953125000001 5.34027532528503e-05
 0.006004557291666667 5.317821624271788e-05
 0.006009765625000001 5.273068706182338e-05
 0.006012369791666667 5.250774401890507e-05
 0.006017578125000001 5.206339531028035e-05
 0.006022786458333334 5.162120167540023e-05
 0.006025390625000001 5.140093227656494e-05
 0.006027994791666667 5.118119592239176e-05
 0.006033203125000001 5.074325738457065e-05
 0.006038411458333334 5.030750017653015e-05
 0.006041015625000001 5.009045445767817e-05
 0.006046223958333334 4.965790742684196e-05
 0.006048828125000001 4.944247475189584e-05
 0.006054036458333334 4.901317946706666e-05
 0.006059244791666668 4.858606251822047e-05
 0.006061848958333334 4.837335792554445e-05
 0.006067057291666668 4.794949593108769e-05
 0.006072265625000002 4.752784320722559e-05
 0.006074869791666668 4.731846179516866e-05
 0.006080078125000002 4.68995181661052e-05
 0.006082682291666668 4.66912055185386e-05
 0.006087890625000002 4.62761701906992e-05
 0.006090494791666668 4.606952765869192e-05
 0.006095703125000002 4.565783510002588e-05
 0.006098307291666668 4.545287187624093e-05
 0.006103515625000002 4.504453418484038e-05
 0.006106119791666668 4.48412386812883e-05
 0.006111328125000002 4.443618949535342e-05
 0.006113932291666668 4.423451671027414e-05
 0.006116536458333335 4.403336499222572e-05
 0.006119140625000001 4.383268924375098e-05
 0.006121744791666667 4.36325019407491e-05
 0.006124348958333334 4.343284572606299e-05
 0.006126953125 4.323374118533427e-05
 0.006129557291666666 4.303522177024049e-05
 0.006132161458333333 4.283730711359249e-05
 0.006134765624999999 4.263999715626632e-05
 0.006137369791666666 4.244330767627999e-05
 0.006139973958333332 4.224724183318433e-05
 0.006142578124999998 4.205179988889648e-05
 0.006145182291666665 4.185698372978564e-05
 0.006147786458333331 4.166279560647008e-05
 0.006150390624999997 4.146923685401514e-05
 0.006152994791666664 4.12763078474419e-05
 0.00615559895833333 4.108400737543657e-05
 0.006158203124999997 4.089233829418559e-05
 0.006160807291666663 4.070129873846729e-05
 0.006163411458333329 4.051089207628163e-05
 0.006166015624999996 4.032111433014528e-05
 0.006168619791666662 4.013196972864271e-05
 0.006171223958333328 3.994345455882843e-05
 0.006173828124999995 3.975557090532288e-05
 0.006176432291666661 3.956831987684654e-05
 0.006179036458333328 3.938169860552452e-05
 0.006181640624999994 3.919570994442664e-05
 0.00618424479166666 3.90103527033045e-05
 0.006186848958333327 3.882562643189317e-05
 0.006189453124999993 3.864153197120373e-05
 0.006194661458333327 3.827524394575384e-05
 0.00619986979166666 3.791149109658332e-05
 0.006205078124999994 3.755026688313138e-05
 0.006210286458333328 3.719156818043254e-05
 0.006215494791666661 3.683538499381039e-05
 0.006220703124999995 3.648171862631321e-05
 0.006225911458333329 3.613056639414892e-05
 0.006231119791666662 3.578192335376257e-05
 0.006236328124999996 3.543579023204738e-05
 0.006246744791666662 3.475109684672076e-05
 0.006267578124999996 3.341207232658284e-05
 0.006277994791666662 3.275729607174663e-05
 0.006288411458333329 3.211229412467083e-05
 0.006298828124999995 3.147706657545938e-05
 0.006309244791666661 3.085156897482095e-05
 0.006330078124999995 2.963003760659136e-05
 0.006350911458333329 2.844677423261754e-05
 0.006371744791666662 2.730116721766938e-05
 0.006413411458333329 2.512254935923533e-05
 0.006434244791666662 2.408436779693969e-05
 0.006475911458333329 2.210984336035457e-05
 0.006496744791666662 2.117007121931903e-05
 0.006538411458333329 1.938479911007864e-05
 0.006580078124999995 1.771839393971042e-05
 0.006621744791666662 1.616645823511044e-05
 0.006705078124999995 1.338926798529375e-05
 0.006871744791666662 9.010416299592819e-06
 0.007038411458333328 5.92395985597028e-06
 0.007205078124999995 3.828691390120657e-06
 0.007371744791666661 2.477614192766251e-06
 0.007538411458333328 1.665235202946213e-06
 0.007705078124999994 1.235454575590496e-06
 0.007871744791666663 1.067872513236924e-06
 0.00803841145833333 1.047255261327792e-06
 0.008205078124999998 1.255355123594789e-06
 0.008371744791666665 3.587906982550445e-06
 0.008538411458333332 5.961506286675211e-06
 0.008705078125 7.116831924977347e-06
 0.008871744791666667 7.777092738118864e-06
 0.009038411458333334 8.352123646577534e-06
 0.009205078125000002 9.635056477603806e-06
 0.009288411458333335 1.286143102104249e-05
 0.009455078125000002 1.841430569706321e-05
 0.00962174479166667 2.140955930767889e-05
 0.009788411458333337 2.322232668441396e-05
 0.009955078125000004 3.044121276196013e-05
 0.01012174479166667 3.72044545790331e-05
 0.01028841145833334 4.158408576551614e-05
 0.01045507812500001 5.115794854527671e-05
 0.01062174479166667 5.878308025449585e-05
 0.01078841145833334 6.806497340262507e-05
 0.01095507812500001 7.846401148048696e-05
 0.01103841145833334 8.315736272718202e-05
 0.01112174479166667 9.00217835515839e-05
 0.01120507812500001 9.740542939143263e-05
 0.01137174479166667 0.0001071060824248408
 0.01153841145833334 0.0001199271556031505
 0.01170507812500001 0.0001313646570660429
 0.01187174479166668 0.0001447668015514471
 0.01203841145833334 0.0001577106965453429
 0.01220507812500001 0.0001706490065104344
 0.01228841145833334 0.0001777075703919709
 0.01245507812500001 0.0001907405663529076
 0.01262174479166668 0.0002032843963012371
 0.01278841145833335 0.0002144946476043179
 0.01295507812500001 0.0002247582729623333
 0.01312174479166668 0.0002339558490161584
 0.01328841145833335 0.0002415110654712685
 0.01345507812500002 0.0002471682095310136
 0.01362174479166668 0.0002507295848266589
 0.01378841145833335 0.0002518557988767655
 0.01395507812500002 0.0002503515631549209
 0.01412174479166669 0.0002460283564557733
 0.01428841145833335 0.0002387294253777151
 0.01445507812500002 0.0002284115648480894
 0.01478841145833335 0.0002020261191558166
 0.01512174479166669 0.0001646477399113055
 0.01545507812500002 0.00012149193568472
 0.01578841145833335 7.942252709332266e-05
 0.01587174479166669 6.980225531632945e-05
 0.01588216145833335 6.864701119073635e-05
 0.01589257812500002 6.750489611895711e-05
 0.01589778645833335 6.693844772742317e-05
 0.01590299479166668 6.637525443098258e-05
 0.01590820312500002 6.581534812950764e-05
 0.01591341145833335 6.525869457968289e-05
 0.01591861979166668 6.470525305386727e-05
 0.01592382812500001 6.415501850837064e-05
 0.01592903645833335 6.360798580332244e-05
 0.01593424479166668 6.306410470636296e-05
 0.01593945312500001 6.25233763807567e-05
 0.01594466145833335 6.198576493950105e-05
 0.01594986979166668 6.145125587384616e-05
 0.01595507812500001 6.091984011929639e-05
 0.01596028645833334 6.039148561253446e-05
 0.01596549479166668 5.986619206054985e-05
 0.01597070312500001 5.934392524715411e-05
 0.01597330729166668 5.908389833064569e-05
 0.01597851562500001 5.856614931469647e-05
 0.01598111979166668 5.830835710907057e-05
 0.01598632812500001 5.779509159885892e-05
 0.01599153645833334 5.728481792053812e-05
 0.01599674479166667 5.677750050852609e-05
 0.01600195312500001 5.627315450508244e-05
 0.01600455729166667 5.602206174161355e-05
 0.01600976562500001 5.552209048628032e-05
 0.01601497395833334 5.502506389794604e-05
 0.01602018229166667 5.453094527787707e-05
 0.01602278645833334 5.428496750665012e-05
 0.016025390625 5.40396980640827e-05
 0.01603059895833334 5.355136239663295e-05
 0.01603580729166667 5.306606285731764e-05
 0.01603841145833334 5.28242933576709e-05
 0.016041015625 5.258336506358763e-05
 0.01604622395833333 5.210366292846545e-05
 0.01605143229166667 5.162684699501039e-05
 0.01605403645833333 5.138952337436128e-05
 0.01605924479166667 5.091698399306223e-05
 0.016064453125 5.044731856310202e-05
 0.01606966145833333 4.998051568801955e-05
 0.016072265625 4.974819034825529e-05
 0.01607486979166666 4.951656649020326e-05
 0.01607747395833333 4.928564476076132e-05
 0.01608268229166666 4.882591498281964e-05
 0.01608528645833333 4.859713257451545e-05
 0.01609049479166666 4.814169435766224e-05
 0.01609309895833333 4.791506162630228e-05
 0.01609830729166666 4.746386310978468e-05
 0.01610091145833333 4.72393626426162e-05
 0.01610611979166666 4.679245633546875e-05
 0.01611132812499999 4.634839724324973e-05
 0.01611653645833333 4.590720607234703e-05
 0.01612174479166666 4.546886401823519e-05
 0.01612695312499999 4.503339958827667e-05
 0.01613216145833333 4.460075854897731e-05
 0.01613736979166666 4.417087794915601e-05
 0.01614257812499999 4.374370557801032e-05
 0.01614518229166666 4.353112164184982e-05
 0.01615039062499999 4.310781341630129e-05
 0.01615559895833332 4.268734041686753e-05
 0.01616601562499999 4.1855466012828e-05
 0.01618684895833332 4.022908087916529e-05
 0.01619726562499999 3.943390412294341e-05
 0.01620768229166665 3.865076469466408e-05
 0.01621289062499999 3.826365652993465e-05
 0.01621809895833332 3.787952617163635e-05
 0.01622851562499998 3.712038840248363e-05
 0.01623893229166665 3.637321625230601e-05
 0.01624934895833332 3.563790791716596e-05
 0.01625976562499998 3.491438236574237e-05
 0.01627018229166665 3.420255017996002e-05
 0.01628059895833331 3.350232289229489e-05
 0.01629101562499998 3.281361154948306e-05
 0.01630143229166664 3.213631562051042e-05
 0.01631184895833331 3.147033791220766e-05
 0.01632226562499997 3.081557378254706e-05
 0.01633268229166664 3.017192180945036e-05
 0.01634309895833331 2.953927038886537e-05
 0.01635351562499997 2.891751198117685e-05
 0.01637434895833331 2.770703960532259e-05
 0.01641601562499997 2.541560474347044e-05
 0.01643684895833331 2.432823836844815e-05
 0.01647851562499997 2.226949924946133e-05
 0.01652018229166664 2.0353180006114e-05
 0.0165618489583333 1.85712545681782e-05
 0.01664518229166664 1.538736945694828e-05
 0.0168118489583333 1.035919627887273e-05
 0.01697851562499997 6.808414717615819e-06
 0.01714518229166663 4.386521367777266e-06
 0.0173118489583333 2.810018485440488e-06
 0.01747851562499997 1.845151431456401e-06
 0.01764518229166663 1.315367850211936e-06
 0.0178118489583333 1.083244995109128e-06
 0.01797851562499996 1.021728065711241e-06
 0.01814518229166663 1.070043915282514e-06
 0.01831184895833329 2.311713865897114e-06
 0.01839518229166663 4.130940690995961e-06
 0.01856184895833329 6.222837125413415e-06
 0.01872851562499996 7.220584097173726e-06
 0.01889518229166662 7.834891616839876e-06
 0.01922851562499996 9.532151140066858e-06
 0.01939518229166663 1.5390002393821e-05
 0.01972851562499996 2.135645960932118e-05
 0.01989518229166663 2.640304904284948e-05
 0.02006184895833329 3.449540640959834e-05
 0.02022851562499996 3.944255615059362e-05
 0.02039518229166662 4.663920551313623e-05
 0.02056184895833329 5.589657163046929e-05
 0.02064518229166662 5.956161596112994e-05
 0.02081184895833329 6.896256412807079e-05
 0.02089518229166662 7.532346309914952e-05
 0.02097851562499996 8.031261430967203e-05
 0.02114518229166662 9.01082157136539e-05
 0.02131184895833329 0.0001013809359698867
 0.02147851562499995 0.0001131192772890964
 0.02164518229166662 0.0001251281494222184
 0.02172851562499995 0.0001317733589877681
 0.02189518229166662 0.0001454289520321933
 0.02206184895833329 0.0001581182904046875
 0.02222851562499995 0.0001706914661257998
 0.02231184895833329 0.0001776076473434879
 0.02247851562499995 0.0001902829377026591
 0.02264518229166662 0.0002025008187117112
 0.02281184895833328 0.0002133694012811315
 0.02297851562499995 0.0002232577323320103
 0.02306184895833328 0.0002277504513313694
 0.02322851562499995 0.0002360041487066409
 0.02339518229166661 0.0002421909985299469
 0.02356184895833328 0.0002463875198110265
 0.02372851562499995 0.0002482307284345179
 0.02389518229166661 0.0002475174484219143
 0.02406184895833328 0.0002440960577869106
 0.02422851562499994 0.0002378168666688507
 0.02439518229166661 0.0002286056597848426
 0.02472851562499994 0.0002045447941507894
 0.02506184895833328 0.0001694132495000255
 0.02539518229166661 0.0001277323866767147
 0.02572851562499995 8.568282692284628e-05
 0.02581184895833328 7.577968269768967e-05
 0.02585351562499995 7.105565412305943e-05
 0.02587434895833328 6.876085074639141e-05
 0.02588476562499995 6.763127165049469e-05
 0.02588997395833328 6.707092901321332e-05
 0.02589518229166661 6.651375225617749e-05
 0.02590039062499995 6.595975096793048e-05
 0.02590559895833328 6.540889074118693e-05
 0.02591080729166661 6.486113662007151e-05
 0.02591601562499994 6.431650966643937e-05
 0.02592122395833328 6.377495071888237e-05
 0.02592643229166661 6.323644385521375e-05
 0.02593164062499994 6.27009954030086e-05
 0.02593684895833328 6.216854862597712e-05
 0.02594205729166661 6.163910205984049e-05
 0.02594726562499994 6.111264719341851e-05
 0.02595247395833327 6.058915516436954e-05
 0.02595768229166661 6.006862124095233e-05
 0.02596289062499994 5.955102253118804e-05
 0.02596809895833327 5.903633982390277e-05
 0.02597070312499994 5.878006396601086e-05
 0.02597591145833327 5.826973865391038e-05
 0.0259811197916666 5.776229129444312e-05
 0.02598632812499994 5.725773734671524e-05
 0.02599153645833327 5.675605053323121e-05
 0.0259967447916666 5.625720965347268e-05
 0.02599934895833327 5.600884417862538e-05
 0.02600195312499994 5.576116057763653e-05
 0.02600716145833327 5.526796810729979e-05
 0.0260123697916666 5.47775950762897e-05
 0.02601497395833327 5.45334721180611e-05
 0.0260201822916666 5.404730590312661e-05
 0.02602278645833327 5.380527557960268e-05
 0.02602539062499993 5.356392786180473e-05
 0.0260279947916666 5.332327860620518e-05
 0.02603320312499993 5.284409163197774e-05
 0.0260358072916666 5.260554702212746e-05
 0.02603841145833326 5.236768543693836e-05
 0.02604101562499993 5.213052070892877e-05
 0.02604622395833326 5.165827304056262e-05
 0.02604882812499993 5.142319899190965e-05
 0.02605403645833326 5.095512122994737e-05
 0.0260592447916666 5.048982555180887e-05
 0.02606184895833326 5.025820167042014e-05
 0.02606705729166659 4.979704446193199e-05
 0.02606966145833326 4.956748015368514e-05
 0.02607226562499993 4.933861666415066e-05
 0.02607747395833326 4.888294639035664e-05
 0.02608007812499993 4.865615163336177e-05
 0.02608268229166659 4.843004376029393e-05
 0.02608528645833326 4.82046266295597e-05
 0.02609049479166659 4.775619502980774e-05
 0.02609309895833326 4.753252738787444e-05
 0.02609570312499992 4.730988004408212e-05
 0.02609830729166659 4.708790551285541e-05
 0.02610091145833326 4.686661865819001e-05
 0.02610611979166659 4.642610578500605e-05
 0.02610872395833326 4.620690939420301e-05
 0.02611393229166659 4.57705703752287e-05
 0.02611653645833326 4.555346571434861e-05
 0.02612174479166659 4.512130746569055e-05
 0.02612434895833326 4.490627845177035e-05
 0.02612955729166659 4.447820456546503e-05
 0.02613476562499992 4.405284543997736e-05
 0.02613997395833325 4.363001046675154e-05
 0.02614257812499992 4.341956761237169e-05
 0.02614778645833325 4.300057933620577e-05
 0.02615820312499992 4.217127693613981e-05
 0.02616861979166658 4.135385173743099e-05
 0.02617382812499992 4.094955081300115e-05
 0.02617643229166658 4.074850127168183e-05
 0.02617903645833325 4.054817868275784e-05
 0.02618164062499992 4.034859348708875e-05
 0.02618424479166658 4.014974546120211e-05
 0.02618684895833325 3.99516395151083e-05
 0.02618945312499991 3.975427224821436e-05
 0.02619205729166658 3.955764693824177e-05
 0.02619466145833325 3.936175837321556e-05
 0.02619726562499991 3.916661200333358e-05
 0.02620247395833325 3.877855944301177e-05
 0.02620768229166658 3.839347307660351e-05
 0.02621289062499991 3.801133171690504e-05
 0.02621809895833324 3.763212920306479e-05
 0.02622330729166658 3.725585206772053e-05
 0.02622851562499991 3.688249728392226e-05
 0.02623372395833324 3.651205281532589e-05
 0.02623893229166658 3.614451263681174e-05
 0.02624414062499991 3.577986545659259e-05
 0.02624934895833324 3.541810501807084e-05
 0.02625976562499991 3.470334790144659e-05
 0.02627018229166657 3.400005322574572e-05
 0.02628059895833324 3.330810262612301e-05
 0.0262910156249999 3.262740341575917e-05
 0.02630143229166657 3.195786419342923e-05
 0.02631184895833323 3.129939118262872e-05
 0.0263222656249999 3.065188803987039e-05
 0.02633268229166657 3.001525137350376e-05
 0.02634309895833323 2.938938267167102e-05
 0.0263535156249999 2.877417800644674e-05
 0.02636393229166656 2.81695273060443e-05
 0.02637434895833323 2.757533057074744e-05
 0.02639518229166656 2.64186721634896e-05
 0.0264160156249999 2.53024060066026e-05
 0.02645768229166656 2.318820527731966e-05
 0.0265410156249999 1.939225667813772e-05
 0.02670768229166656 1.329910405227326e-05
 0.02687434895833323 8.878924825871304e-06
 0.02704101562499989 5.794684469939756e-06
 0.02720768229166656 3.720278623817513e-06
 0.02737434895833323 2.395659619280033e-06
 0.02754101562499989 1.609553873399466e-06
 0.02770768229166656 1.20338964679002e-06
 0.02787434895833322 1.047944924207971e-06
 0.02795768229166656 1.04393175705445e-06
 0.02812434895833322 1.064766347550025e-06
 0.02829101562499989 2.036225004224184e-06
 0.02845768229166655 4.842306192626534e-06
 0.02862434895833322 6.601844429995863e-06
 0.02879101562499988 7.453084618730984e-06
 0.02895768229166655 8.044018771522054e-06
 0.02929101562499989 1.094062457469098e-05
 0.02945768229166655 1.698823701026309e-05
 0.02962434895833322 2.084660910963509e-05
 0.02979101562499988 2.292541727940281e-05
 0.02995768229166655 3.002660757684503e-05
 0.03012434895833321 3.696249426513552e-05
 0.03029101562499988 4.125437990425228e-05
 0.03037434895833321 4.620731609054895e-05
 0.03054101562499988 5.571053893912192e-05
 0.03070768229166655 6.225415424695458e-05
 0.03087434895833321 7.332535682916663e-05
 0.03104101562499988 8.221140080321411e-05
 0.03137434895833321 0.0001020947474392313
 0.03154101562499988 0.0001161572306424104
 0.03170768229166655 0.0001287250352096407
 0.03187434895833322 0.0001428222169055938
 0.03204101562499988 0.0001558509447734998
 0.03220768229166655 0.0001689240676032743
 0.03229101562499988 0.000175843899055308
 0.03245768229166655 0.0001889140247973689
 0.03262434895833322 0.0002012821100371239
 0.03279101562499989 0.000212291210425745
 0.03295768229166656 0.0002224191953051003
 0.03312434895833323 0.0002314674884938701
 0.0332910156249999 0.0002387911700158055
 0.03345768229166657 0.0002442510845366933
 0.03362434895833324 0.0002476402381142491
 0.03379101562499991 0.000248618115756547
 0.03395768229166658 0.000246989054408775
 0.03412434895833324 0.000242567381872193
 0.03429101562499991 0.0002352249518552311
 0.03445768229166658 0.0002249272498459454
 0.03479101562499991 0.0001988826878401663
 0.03512434895833325 0.0001622029061083226
 0.03545768229166658 0.0001198506718389677
 0.03579101562499991 7.845995456460634e-05
 0.03587434895833324 6.898859020194522e-05
 0.03588476562499991 6.785181108287187e-05
 0.03589518229166657 6.672775981302181e-05
 0.0359003906249999 6.617017837624596e-05
 0.03590559895833324 6.561578804770669e-05
 0.03591080729166657 6.506457153553172e-05
 0.0359160156249999 6.45164741299498e-05
 0.03592122395833323 6.397151759794443e-05
 0.03592643229166657 6.342967326822965e-05
 0.0359316406249999 6.28909156360886e-05
 0.03593684895833323 6.235522427379128e-05
 0.03594205729166657 6.182259186233763e-05
 0.0359472656249999 6.129298182097636e-05
 0.03595247395833323 6.076639232788487e-05
 0.03595768229166656 6.02427961782218e-05
 0.0359628906249999 5.972218337309609e-05
 0.03596549479166657 5.946295700689589e-05
 0.0359707031249999 5.89467614583458e-05
 0.03597591145833323 5.843352620145596e-05
 0.03598111979166656 5.792321986977567e-05
 0.03598372395833323 5.766914262158934e-05
 0.03598893229166657 5.716319205101925e-05
 0.0359941406249999 5.666015131230161e-05
 0.03599934895833323 5.616000498817496e-05
 0.03600455729166657 5.566272831961829e-05
 0.0360097656249999 5.516830435174687e-05
 0.03601236979166657 5.492216058926355e-05
 0.03601497395833324 5.467670287575268e-05
 0.03602018229166657 5.418796121354017e-05
 0.0360253906249999 5.370205552780532e-05
 0.03603059895833324 5.321898952045415e-05
 0.03603580729166657 5.273875929781795e-05
 0.03603841145833324 5.249968510414013e-05
 0.03604361979166657 5.202365506834258e-05
 0.03604622395833324 5.178669194153393e-05
 0.03605143229166657 5.131485849925403e-05
 0.03605403645833324 5.107998539320706e-05
 0.03605924479166658 5.061235724626488e-05
 0.03606445312499991 5.014751269468418e-05
 0.03606705729166658 4.991615152065806e-05
 0.03607226562499991 4.945549112465529e-05
 0.03607747395833324 4.899764395544004e-05
 0.03608007812499991 4.876977740867328e-05
 0.03608268229166658 4.854260534493485e-05
 0.03608789062499992 4.809028819727209e-05
 0.03609309895833325 4.764077765894914e-05
 0.03609830729166658 4.719408302164003e-05
 0.03610351562499992 4.675018189637187e-05
 0.03610872395833325 4.630904819957964e-05
 0.03611393229166658 4.587070298699982e-05
 0.03611653645833325 4.565259603405435e-05
 0.03611914062499992 4.54351767947165e-05
 0.03612174479166659 4.521844070219971e-05
 0.03612695312499992 4.478704751399641e-05
 0.03612955729166659 4.457240813385156e-05
 0.03613476562499993 4.414513645031089e-05
 0.0361373697916666 4.39325373903201e-05
 0.03614257812499993 4.350918888363874e-05
 0.03614778645833326 4.308842926026646e-05
 0.03615039062499993 4.287908936593611e-05
 0.0361529947916666 4.267043608509461e-05
 0.03615559895833327 4.246249327891185e-05
 0.03615820312499994 4.225527801321503e-05
 0.03616080729166661 4.204880239256251e-05
 0.03616341145833328 4.184307105656582e-05
 0.03616601562499995 4.163808676896893e-05
 0.03616861979166662 4.143385363895458e-05
 0.03617122395833329 4.123037199668757e-05
 0.03617382812499996 4.102764189714721e-05
 0.03617643229166663 4.08256629510932e-05
 0.0361790364583333 4.062443465066728e-05
 0.03618164062499997 4.042395576098205e-05
 0.03618424479166664 4.022422771142954e-05
 0.03618684895833331 4.002524970487201e-05
 0.03618945312499998 3.982702074111247e-05
 0.03619205729166665 3.962953881165949e-05
 0.03619466145833332 3.943280460556378e-05
 0.03619726562499999 3.923681682914611e-05
 0.03619986979166666 3.904157517461448e-05
 0.03620247395833333 3.884707726192317e-05
 0.036205078125 3.865332374811168e-05
 0.03620768229166667 3.846031402114393e-05
 0.036212890625 3.807654849540671e-05
 0.03621809895833333 3.769576179274768e-05
 0.03622330729166667 3.731792965759402e-05
 0.036228515625 3.694304737779976e-05
 0.03623372395833333 3.657110112398837e-05
 0.03623893229166666 3.62020856472167e-05
 0.03624934895833333 3.547294960328421e-05
 0.036259765625 3.475545303109557e-05
 0.03627018229166666 3.40494785730418e-05
 0.03628059895833333 3.335493571324601e-05
 0.03629101562499999 3.267173904868186e-05
 0.03630143229166666 3.19997829887596e-05
 0.03631184895833332 3.133898930209685e-05
 0.03633268229166665 3.005117573852696e-05
 0.03635351562499999 2.880681932737487e-05
 0.03639518229166665 2.64482449551214e-05
 0.03643684895833332 2.425166856125918e-05
 0.03652018229166665 2.030844911391347e-05
 0.03660351562499999 1.68914238263409e-05
 0.03677018229166665 1.145717300388286e-05
 0.03710351562499999 4.923500998296367e-06
 0.03743684895833332 2.051725031662766e-06
 0.03760351562499999 1.429494872986541e-06
 0.03777018229166666 1.131508866777267e-06
 0.03793684895833332 1.034089230732267e-06
 0.03810351562499999 1.056819613556702e-06
 0.03827018229166666 1.763817089186721e-06
 0.03843684895833333 4.53824815194482e-06
 0.038603515625 6.457383499525302e-06
 0.03877018229166667 7.37364740522924e-06
 0.03893684895833334 7.976900127162261e-06
 0.03910351562500001 8.561681962870369e-06
 0.03927018229166668 1.129055029488891e-05
 0.03943684895833335 1.724041818229006e-05
 0.03960351562500002 2.088479955577763e-05
 0.03977018229166669 2.275513675397798e-05
 0.03993684895833335 2.90138827447403e-05
 0.04010351562500002 3.631129149836239e-05
