0.000343099 2.735910665565e-04 0.000000000000e+00 8.504051499769e-07 2.136277796796e-07 0.000000000000e+00 -9.354522440729e-04 3.872848374418e-01
0.000676432 6.543868121166e-04 0.000000000000e+00 3.607908182372e-06 1.884520733880e-06 0.000000000000e+00 -9.226349548591e-04 7.592818568134e-01
0.00100977 9.284321245124e-04 0.000000000000e+00 1.009827397799e-05 7.829116508115e-06 0.000000000000e+00 -9.087408245560e-04 1.122960025272e+00
0.0013431 1.204226270477e-03 0.000000000000e+00 1.885806076788e-05 1.583314815353e-05 0.000000000000e+00 -8.813867101491e-04 1.474334808699e+00
0.00167643 1.429724690523e-03 0.000000000000e+00 3.210915260314e-05 2.846115811603e-05 0.000000000000e+00 -8.463387428194e-04 1.809556471437e+00
0.00200977 1.594755968820e-03 0.000000000000e+00 4.979656370214e-05 4.568530761129e-05 0.000000000000e+00 -8.030342770729e-04 2.124952254801e+00
0.00242643 1.704933227266e-03 0.000000000000e+00 7.773456019550e-05 7.330555200504e-05 0.000000000000e+00 -7.376013023080e-04 2.486076312144e+00
0.00267643 1.716306196005e-03 0.000000000000e+00 9.628502295392e-05 9.179133340992e-05 0.000000000000e+00 -6.921676142773e-04 2.682699090716e+00
0.00300977 1.666443821653e-03 0.000000000000e+00 1.207914595946e-04 1.163596647202e-04 0.000000000000e+00 -6.243510319506e-04 2.918939352217e+00
0.0033431 1.543509581372e-03 0.000000000000e+00 1.438370432803e-04 1.396685177995e-04 0.000000000000e+00 -5.487340485722e-04 3.123199103348e+00
0.00367643 1.352207434103e-03 0.000000000000e+00 1.625463563530e-04 1.588398128065e-04 0.000000000000e+00 -4.655549370165e-04 3.293240431531e+00
0.00400977 1.100278289317e-03 0.000000000000e+00 1.741605360612e-04 1.711125046695e-04 0.000000000000e+00 -3.752143637633e-04 3.427200328391e+00
0.0043431 7.984145049687e-04 0.000000000000e+00 1.763767430858e-04 1.741896094317e-04 0.000000000000e+00 -2.783484428285e-04 3.523611101266e+00
0.00467643 5.449268975134e-04 0.000000000000e+00 1.696990449704e-04 1.682004358731e-04 0.000000000000e+00 -2.011806128981e-04 3.581416453553e+00
0.00517643 7.860347441273e-06 0.000000000000e+00 1.355283879688e-04 1.353897331864e-04 0.000000000000e+00 -4.005628010098e-05 3.594471374027e+00
0.00550977 -3.528031787233e-04 0.000000000000e+00 1.019625833818e-04 1.027359938661e-04 0.000000000000e+00 6.994449931028e-05 3.553933529415e+00
0.0058431 -6.953471211794e-04 0.000000000000e+00 6.650146921937e-05 6.811237009628e-05 0.000000000000e+00 1.787023726063e-04 3.474458045346e+00
0.00600195 -9.936705948419e-04 0.000000000000e+00 5.126213070841e-05 5.340275325285e-05 0.000000000000e+00 2.752296411632e-04 3.423120216551e+00
0.00635091 -1.263562561765e-03 0.000000000000e+00 2.579555567125e-05 2.844677423262e-05 0.000000000000e+00 3.767317671583e-04 3.280627457942e+00
0.00670508 -1.461895196220e-03 0.000000000000e+00 1.066315078062e-05 1.338926798529e-05 0.000000000000e+00 4.652231496117e-04 3.095743816314e+00
0.00703841 -1.589913503194e-03 0.000000000000e+00 3.213455543450e-06 5.923959855970e-06 0.000000000000e+00 5.394797189821e-04 2.886714981223e+00
0.00737174 -1.672683297806e-03 0.000000000000e+00 -5.588301056012e-08 2.477614192766e-06 0.000000000000e+00 6.176636074071e-04 2.646058692713e+00
0.00770508 -1.683337147500e-03 0.000000000000e+00 -8.489413615099e-07 1.235454575590e-06 0.000000000000e+00 6.886717329303e-04 2.376411631443e+00
0.00803841 -1.621244998073e-03 0.000000000000e+00 -3.382643453230e-07 1.047255261328e-06 0.000000000000e+00 7.520656727801e-04 2.080728107042e+00
0.00837174 -1.494970307848e-03 0.000000000000e+00 1.709193021199e-06 3.587906982550e-06 0.000000000000e+00 8.102372852602e-04 1.762247690080e+00
0.00870508 -1.304053739225e-03 0.000000000000e+00 4.740537866617e-06 7.116831924977e-06 0.000000000000e+00 8.605027529021e-04 1.424459718652e+00
0.00903841 -1.049338996867e-03 0.000000000000e+00 6.926400831419e-06 8.352123646578e-06 0.000000000000e+00 8.984453846352e-04 1.071065068459e+00
0.00945508 -6.780482581636e-04 0.000000000000e+00 1.661035679360e-05 1.841430569706e-05 0.000000000000e+00 9.375998557385e-04 6.132862721714e-01
0.00978841 -3.405122060789e-04 0.000000000000e+00 2.248706997490e-05 2.322232668441e-05 0.000000000000e+00 9.553950609739e-04 2.391248128697e-01
0.0101217 5.865911310193e-06 0.000000000000e+00 3.637987410458e-05 3.720445457903e-05 0.000000000000e+00 9.671051680737e-04 -1.376565479218e-01
0.0104551 3.553355932472e-04 0.000000000000e+00 5.086663567829e-05 5.115794854528e-05 0.000000000000e+00 9.676796649466e-04 -5.129297147679e-01
0.0107884 6.900746742067e-04 0.000000000000e+00 6.841925044919e-05 6.806497340263e-05 0.000000000000e+00 9.587695154806e-04 -8.825831163215e-01
0.0110384 9.608274192716e-04 0.000000000000e+00 8.422570699447e-05 8.315736272718e-05 0.000000000000e+00 9.422978046840e-04 -1.153695296294e+00
0.0113717 1.197107312922e-03 0.000000000000e+00 1.084255250649e-04 1.071060824248e-04 0.000000000000e+00 9.209407535095e-04 -1.503830889565e+00
0.0117051 1.421621937963e-03 0.000000000000e+00 1.332664716829e-04 1.313646570660e-04 0.000000000000e+00 8.856032412618e-04 -1.837490196913e+00
0.0120384 1.584848441065e-03 0.000000000000e+00 1.600774522262e-04 1.577106965453e-04 0.000000000000e+00 8.410764001601e-04 -2.151017577144e+00
0.0124551 1.691876769940e-03 0.000000000000e+00 1.935905113034e-04 1.907405663529e-04 0.000000000000e+00 7.724941121287e-04 -2.509407238108e+00
0.0127884 1.695125565134e-03 0.000000000000e+00 2.176137824705e-04 2.144946476043e-04 0.000000000000e+00 7.074030263361e-04 -2.765475019402e+00
0.0131217 1.623613005062e-03 0.000000000000e+00 2.371719197348e-04 2.339558490162e-04 0.000000000000e+00 6.334921308554e-04 -2.991243677670e+00
0.0134551 1.479822433967e-03 0.000000000000e+00 2.503113503820e-04 2.471682095310e-04 0.000000000000e+00 5.512537747590e-04 -3.184239644247e+00
0.0137884 1.269436511672e-03 0.000000000000e+00 2.547223153494e-04 2.518557988768e-04 0.000000000000e+00 4.611332994011e-04 -3.342348414938e+00
0.0141217 1.001269434997e-03 0.000000000000e+00 2.484202380771e-04 2.460283564558e-04 0.000000000000e+00 3.637528137641e-04 -3.463837716963e+00
0.0144551 6.870280886912e-04 0.000000000000e+00 2.301481933304e-04 2.284115648481e-04 0.000000000000e+00 2.599848094700e-04 -3.547376488106e+00
0.0147884 4.273315293845e-04 0.000000000000e+00 2.031330594562e-04 2.020261191558e-04 0.000000000000e+00 1.768067732116e-04 -3.592049460109e+00
0.0151217 6.868195922054e-05 0.000000000000e+00 1.648591033971e-04 1.646477399113e-04 0.000000000000e+00 6.524252072562e-05 -3.597367186543e+00
0.0154551 -2.930673329137e-04 0.000000000000e+00 1.208075715426e-04 1.214919356847e-04 0.000000000000e+00 -4.780175133911e-05 -3.563271405283e+00
0.0157884 -6.400343445859e-04 0.000000000000e+00 7.790365734177e-05 7.942252709332e-05 0.000000000000e+00 -1.591000377448e-04 -3.490135676845e+00
0.016002 -9.928247026203e-04 0.000000000000e+00 5.411481739557e-05 5.627315450508e-05 0.000000000000e+00 -2.741489728100e-04 -3.423120216551e+00
0.0163327 -1.254077524637e-03 0.000000000000e+00 2.749246303998e-05 3.017192180945e-05 0.000000000000e+00 -3.726520471958e-04 -3.289063063296e+00
0.0168118 -1.494125469475e-03 0.000000000000e+00 7.612769146618e-06 1.035919627887e-05 0.000000000000e+00 -4.824243787213e-04 -3.032378951316e+00
0.0171452 -1.624009855814e-03 0.000000000000e+00 1.690545584683e-06 4.386521367777e-06 0.000000000000e+00 -5.652839333430e-04 -2.812953006618e+00
0.0174785 -1.683961700046e-03 0.000000000000e+00 -5.900236651282e-07 1.845151431456e-06 0.000000000000e+00 -6.412096178302e-04 -2.562707760132e+00
0.0178118 -1.671260397649e-03 0.000000000000e+00 -7.680825425024e-07 1.083244995109e-06 0.000000000000e+00 -7.098003231765e-04 -2.284384951144e+00
0.0181452 -1.586199647490e-03 0.000000000000e+00 -1.215462172595e-07 1.070043915283e-06 0.000000000000e+00 -7.706851364957e-04 -1.981033942594e+00
0.0183952 -1.462814275408e-03 0.000000000000e+00 2.117694139797e-06 4.130940690996e-06 0.000000000000e+00 -8.206407747193e-04 -1.739085970487e+00
0.0187285 -1.287909541603e-03 0.000000000000e+00 4.847441472542e-06 7.220584097174e-06 0.000000000000e+00 -8.635146746386e-04 -1.400077466968e+00
0.0192285 -9.571120407008e-04 0.000000000000e+00 8.276967310891e-06 9.532151140067e-06 0.000000000000e+00 -9.087650856708e-04 -8.640108808155e-01
0.0193952 -7.328963080839e-04 0.000000000000e+00 1.387879986346e-05 1.539000239382e-05 0.000000000000e+00 -9.317810234449e-04 -6.799241461271e-01
0.0197285 -4.878499535574e-04 0.000000000000e+00 2.001598111503e-05 2.135645960932e-05 0.000000000000e+00 -9.488848417260e-04 -3.066694792896e-01
0.0200618 -5.670114188487e-05 0.000000000000e+00 3.357119062174e-05 3.449540640960e-05 0.000000000000e+00 -9.655810311163e-04 6.994512253767e-02
0.0203952 2.945088664330e-04 0.000000000000e+00 4.643454091595e-05 4.663920551314e-05 0.000000000000e+00 -9.674918271358e-04 4.457933909655e-01
0.0208118 7.129880247317e-04 0.000000000000e+00 6.931718174790e-05 6.896256412807e-05 0.000000000000e+00 -9.575995495760e-04 9.082572046064e-01
0.0211452 1.015691214817e-03 0.000000000000e+00 9.102209650620e-05 9.010821571365e-05 0.000000000000e+00 -9.388042548970e-04 1.267411028376e+00
0.0214785 1.275829267424e-03 0.000000000000e+00 1.146080494759e-04 1.131192772891e-04 0.000000000000e+00 -9.100242612693e-04 1.612678831696e+00
0.0217285 1.460461593635e-03 0.000000000000e+00 1.338582332885e-04 1.317733589878e-04 0.000000000000e+00 -8.760684232166e-04 1.860234476463e+00
0.0220618 1.594270504805e-03 0.000000000000e+00 1.605128845689e-04 1.581182904047e-04 0.000000000000e+00 -8.371161140913e-04 2.172214269799e+00
0.0224785 1.695077919017e-03 0.000000000000e+00 1.931701543723e-04 1.902829377027e-04 0.000000000000e+00 -7.675333917814e-04 2.528345098312e+00
0.0228118 1.693050729708e-03 0.000000000000e+00 2.165205011130e-04 2.133694012811e-04 0.000000000000e+00 -7.017140586888e-04 2.782370463289e+00
0.0230618 1.631110300903e-03 0.000000000000e+00 2.310253681253e-04 2.277504513314e-04 0.000000000000e+00 -6.364486785648e-04 2.953024121281e+00
0.0233952 1.511157722747e-03 0.000000000000e+00 2.453852077948e-04 2.421909985299e-04 0.000000000000e+00 -5.657408653593e-04 3.152075504688e+00
0.0237285 1.312200756882e-03 0.000000000000e+00 2.511884030093e-04 2.482307284345e-04 0.000000000000e+00 -4.769465963943e-04 3.316592089252e+00
0.0240618 1.053614802401e-03 0.000000000000e+00 2.466205241192e-04 2.440960577869e-04 0.000000000000e+00 -3.807559517320e-04 3.444771396844e+00
0.0243952 7.466219200277e-04 0.000000000000e+00 2.305029540217e-04 2.286056597848e-04 0.000000000000e+00 -2.780585318344e-04 3.535209068148e+00
0.0247285 4.905410620446e-04 0.000000000000e+00 2.058225697132e-04 2.045447941508e-04 0.000000000000e+00 -1.957218648406e-04 3.586914249111e+00
0.0250618 1.341294536706e-04 0.000000000000e+00 1.697943238906e-04 1.694132495000e-04 0.000000000000e+00 -8.484207980921e-05 3.599320446950e+00
0.0253952 -2.285350738197e-04 0.000000000000e+00 1.272150532337e-04 1.277323866767e-04 0.000000000000e+00 2.795443306585e-05 3.572291736767e+00
0.0257285 -5.795464456005e-04 0.000000000000e+00 8.431290896525e-05 8.568282692285e-05 0.000000000000e+00 1.396331586857e-04 3.506124250765e+00
0.0259993 -9.917877866999e-04 0.000000000000e+00 5.385518313389e-05 5.600884417863e-05 0.000000000000e+00 2.738878577380e-04 3.424030919591e+00
0.0263327 -1.254105947027e-03 0.000000000000e+00 2.734100040860e-05 3.001525137350e-05 0.000000000000e+00 3.727067647060e-04 3.289063063296e+00
0.0267077 -1.440005957187e-03 0.000000000000e+00 1.058509925098e-05 1.329910405227e-05 0.000000000000e+00 4.551408921564e-04 3.094239487300e+00
0.027041 -1.590736433731e-03 0.000000000000e+00 3.068823359232e-06 5.794684469940e-06 0.000000000000e+00 5.401206435694e-04 2.884954218203e+00
0.0273743 -1.672982822598e-03 0.000000000000e+00 -1.489252165585e-07 2.395659619280e-06 0.000000000000e+00 6.182517335491e-04 2.644060786976e+00
0.0277077 -1.683087946524e-03 0.000000000000e+00 -8.719018220853e-07 1.203389646790e-06 0.000000000000e+00 6.891883730105e-04 2.374198472462e+00
0.0281243 -1.593626956854e-03 0.000000000000e+00 -1.592085863455e-07 1.064766347550e-06 0.000000000000e+00 7.671269334590e-04 2.000665017070e+00
0.0284577 -1.452827644026e-03 0.000000000000e+00 2.613902801954e-06 4.842306192627e-06 0.000000000000e+00 8.245005730121e-04 1.676863864042e+00
0.028791 -1.243474897393e-03 0.000000000000e+00 5.237770682506e-06 7.453084618731e-06 0.000000000000e+00 8.712448521519e-04 1.334690639613e+00
0.029291 -9.028548889364e-04 0.000000000000e+00 9.649997580647e-06 1.094062457469e-05 0.000000000000e+00 9.149886253623e-04 7.952289045172e-01
0.0294577 -6.735194590152e-04 0.000000000000e+00 1.544716774568e-05 1.698823701026e-05 0.000000000000e+00 9.367281346787e-04 6.103838766485e-01
0.029791 -3.373761950381e-04 0.000000000000e+00 2.219818024318e-05 2.292541727940e-05 0.000000000000e+00 9.552634746718e-04 2.361859945790e-01
0.0301243 8.971464475698e-06 0.000000000000e+00 3.612280787053e-05 3.696249426514e-05 0.000000000000e+00 9.669560276589e-04 -1.405995906722e-01
0.0303743 3.171085587463e-04 0.000000000000e+00 4.611229724145e-05 4.620731609055e-05 0.000000000000e+00 9.666568865860e-04 -4.224034149944e-01
0.0307077 6.119316594621e-04 0.000000000000e+00 6.257423517482e-05 6.225415424695e-05 0.000000000000e+00 9.613133374209e-04 -7.937925944009e-01
0.031041 9.254974361816e-04 0.000000000000e+00 8.304833944789e-05 8.221140080321e-05 0.000000000000e+00 9.453632498009e-04 -1.156484816031e+00
0.0313743 1.133317931901e-03 0.000000000000e+00 1.031771683892e-04 1.020947474392e-04 0.000000000000e+00 9.279418390524e-04 -1.506506348008e+00
0.0317077 1.424073046678e-03 0.000000000000e+00 1.306855898650e-04 1.287250352096e-04 0.000000000000e+00 8.842163305061e-04 -1.840022281178e+00
0.032041 1.586437974216e-03 0.000000000000e+00 1.582468699786e-04 1.558509447735e-04 0.000000000000e+00 8.399869358820e-04 -2.153378545187e+00
0.0324577 1.692663113247e-03 0.000000000000e+00 1.917747243565e-04 1.889140247974e-04 0.000000000000e+00 7.713884980044e-04 -2.511518182049e+00
0.032791 1.695316230070e-03 0.000000000000e+00 2.154327947180e-04 2.122912104257e-04 0.000000000000e+00 7.061636380699e-04 -2.767359711745e+00
0.0331243 1.623187607243e-03 0.000000000000e+00 2.347003424488e-04 2.314674884939e-04 0.000000000000e+00 6.321403490887e-04 -2.992881469332e+00
0.0334577 1.478827671683e-03 0.000000000000e+00 2.474179289797e-04 2.442510845367e-04 0.000000000000e+00 5.497651100069e-04 -3.185612591241e+00
0.033791 1.267913624628e-03 0.000000000000e+00 2.515071163307e-04 2.486181157565e-04 0.000000000000e+00 4.595395236747e-04 -3.343441474967e+00
0.0341243 9.992979003473e-04 0.000000000000e+00 2.449835813720e-04 2.425673818722e-04 0.000000000000e+00 3.620875807031e-04 -3.464638914234e+00
0.0344577 6.847028477427e-04 0.000000000000e+00 2.266836689800e-04 2.249272498459e-04 0.000000000000e+00 2.583019082918e-04 -3.547877044533e+00
0.034791 4.247976304030e-04 0.000000000000e+00 1.999937977535e-04 1.988826878402e-04 0.000000000000e+00 1.751971523361e-04 -3.592243891492e+00
0.0351243 6.596553616744e-05 0.000000000000e+00 1.624120403899e-04 1.622029061083e-04 0.000000000000e+00 6.379955801998e-05 -3.597253362651e+00
0.0354577 -2.958213742177e-04 0.000000000000e+00 1.191665480379e-04 1.198506718390e-04 0.000000000000e+00 -4.903917109957e-05 -3.562850573194e+00
0.035791 -6.426460757087e-04 0.000000000000e+00 7.694023042126e-05 7.845995456461e-05 0.000000000000e+00 -1.601445911068e-04 -3.489412447284e+00
0.0359993 -9.905643282150e-04 0.000000000000e+00 5.401027093122e-05 5.616000498817e-05 0.000000000000e+00 -2.734468474845e-04 -3.424030919591e+00
0.0363327 -1.250363845478e-03 0.000000000000e+00 2.737959471266e-05 3.005117573853e-05 0.000000000000e+00 -3.712850038301e-04 -3.289063063296e+00
0.0367702 -1.473217622581e-03 0.000000000000e+00 8.723330739039e-06 1.145717300388e-05 0.000000000000e+00 -4.715891573900e-04 -3.057516611599e+00
0.0371035 -1.580839275367e-03 0.000000000000e+00 2.215196521550e-06 4.923500998296e-06 0.000000000000e+00 -5.351166954338e-04 -2.842119343711e+00
0.0374368 -1.667533766293e-03 0.000000000000e+00 -4.852352222389e-07 2.051725031663e-06 0.000000000000e+00 -6.134836151525e-04 -2.595583221543e+00
0.0377702 -1.676855511005e-03 0.000000000000e+00 -8.205478072987e-07 1.131508866777e-06 0.000000000000e+00 -7.016496262861e-04 -2.320609346438e+00
0.0381035 -1.600721900542e-03 0.000000000000e+00 -2.098585987214e-07 1.056819613557e-06 0.000000000000e+00 -7.635149331134e-04 -2.020210389715e+00
0.0384368 -1.463441602305e-03 0.000000000000e+00 2.383585748667e-06 4.538248151945e-06 0.000000000000e+00 -8.210955412936e-04 -1.697677585206e+00
0.0387702 -1.258496179009e-03 0.000000000000e+00 5.105087190064e-06 7.373647405229e-06 0.000000000000e+00 -8.687012216313e-04 -1.356544669811e+00
0.0391035 -9.937237619188e-04 0.000000000000e+00 7.340597791089e-06 8.561681962870e-06 0.000000000000e+00 -9.046670415130e-04 -1.000549167139e+00
0.0394368 -6.944926213807e-04 0.000000000000e+00 1.554556785507e-05 1.724041818229e-05 0.000000000000e+00 -9.356804533383e-04 -6.335914384137e-01
0.0397702 -3.592796384360e-04 0.000000000000e+00 2.192876642146e-05 2.275513675398e-05 0.000000000000e+00 -9.545828602569e-04 -2.596919493013e-01
0.0399368 -1.870168010485e-04 0.000000000000e+00 2.816234461222e-05 2.901388274474e-05 0.000000000000e+00 -9.615917275679e-04 -7.141746022198e-02
0.0401035 -1.308992663516e-05 0.000000000000e+00 3.542146118368e-05 3.631129149836e-05 0.000000000000e+00 -9.666398348857e-04 1.170527791517e-01
